127292
143675
143676
143678
160058
160059
160060
160062
176442
176443
176444
176446
192826
192827
192828
192830
209210
209211
209212
209214
225217
225594
225595
225596
225598
241600
241978
241979
241980
241982
257984
258111
258362
258363
258364
258365
274495
274747
274748
274749
291006
291131
291132
291133
307389
307515
307516
307517
323900
340284
356668
373052
389436
405820
422204
438588
454972
471356
487740
504124
520508
536892
553276
569660
586044
602428
618812
635196
651580
667964
684348
700732
717116
733500
749884
766268
782652
799036
815420
831804
848188
848316
864700
881084
885576
885577
897468
897596
901957
901958
901959
902085
913980
918468
918594
918595
918596
918722
930364
935105
935231
935232
935233
935358
935359
946748
946876
951742
951869
951870
951997
952125
952253
952381
952509
952637
952766
952894
953022
953150
953278
953406
953534
953662
953790
953918
954046
954174
954302
954303
954431
954559
954687
954815
954943
955071
955199
955327
955455
955583
955711
955839
955967
956095
956223
956351
956479
956607
956735
956863
956991
957119
957247
957375
957503
957631
957759
957887
958015
958143
958271
958399
958527
958655
963260
975039
975167
979516
979644
991551
991679
995644
995772
995900
1008063
1008191
1011645
1011773
1011900
1012028
1024575
1024703
1027773
1027901
1028029
1041087
1041215
1041343
1041470
1041471
1041598
1041726
1041854
1041982
1042110
1042238
1042366
1042494
1042622
1042750
1042878
1043006
1043134
1043262
1043390
1043517
1043518
1043645
1043773
1043901
1044029
1044157
1044285
1044413
1044541
1044668
1044669
1044796
1044924
1045052
1045180
1045308
1045436
1045437
1045565
1045693
1045694
1045822
1045950
1045951
1046079
1046207
1046335
1046336
1046464
1046592
1046720
1046721
1046849
1046977
1047105
1047106
1047234
1047362
1047490
1047491
1047619
1057343
1057471
1060541
1060669
1060797
1073599
1073727
1077181
1077309
1089983
1093820
1093948
1106239
1106367
1110332
1110460
1110588
1122495
1122623
1126972
1127100
1131966
1132093
1132094
1132221
1132349
1132477
1132605
1132733
1132861
1132990
1133118
1133246
1133374
1133502
1133630
1133758
1133886
1134014
1134142
1134270
1134398
1134526
1134527
1134655
1134783
1134911
1135039
1135167
1135295
1135423
1135551
1135679
1135807
1135935
1136063
1136191
1136319
1136447
1136575
1136703
1136831
1136959
1137087
1137215
1137343
1137471
1137599
1137727
1137855
1137983
1138111
1138239
1138367
1138495
1138623
1138751
1138879
1143484
1148096
1148097
1148223
1148224
1148350
1148351
1159740
1159868
1164227
1164228
1164354
1164355
1164481
1164482
1176124
1180484
1180485
1180486
1180487
1180612
1192508
1196871
1196872
1196873
1208764
1208892
1225148
1241532
1257788
1257916
1274172
1290556
1306940
1323324
1339708
1356092
1372476
1388860
1405244
1421628
1438012
1454396
1470780
1487164
1503548
1519932
1536316
1552700
1569084
1585468
1601852
1618236
1634620
1651004
1667388
1683772
1700156
1716540
1732924
1749308
1765692
1782076
1798333
1798459
1798460
1798461
1814718
1814843
1814844
1814845
1830975
1831227
1831228
1831229
1847232
1847359
1847610
1847611
1847612
1847613
1863616
1863994
1863995
1863996
1863998
1880001
1880378
1880379
1880380
1880382
1896762
1896763
1896764
1896766
1913146
1913147
1913148
1913150
1929530
1929531
1929532
1929534
1945914
1945915
1945916
1945918
1962299
1962300
1962302
1978684
