foot.L (77.1773, 0.171655, -10.0845)
foot.R (-77.1773, 0.171669, -10.0845)
forearm.L (189.244, 597.234, -17.8472)
forearm.R (-189.244, 597.234, -17.8472)
hand.L (308.396, 601.258, -9.53791)
hand.R (-308.396, 601.257, -9.53791)
shin.L (68.2861, 172.972, -1.67368)
shin.R (-68.2861, 172.972, -1.67367)
shoulder.L (7.82815, 613.643, -18.0193)
shoulder.R (-7.82815, 613.643, -18.0193)
spine (3.36354e-15, 401.241, -35.1715)
spine.001 (-2.21752e-07, 442.446, -36.0029)
spine.002 (-4.82347e-07, 494.287, -29.8414)
spine.003 (-8.79075e-07, 560.35, -32.7276)
spine.004 (-1.28522e-06, 650.822, -22.1372)
spine.005 (-1.30679e-06, 668.118, -14.1671)
spine.006 (0.116732, 684.93, -10.1351)
thigh.L (42.6342, 377.431, -17.3484)
thigh.R (-42.6342, 377.431, -17.3484)
toe.L (80.7757, -5.19889, 33.7809)
toe.R (-80.7757, -5.19888, 33.7809)
upper_arm.L (83.543, 599.789, -22.8153)
upper_arm.R (-83.543, 599.789, -22.8153)
